// Originally from Vexed v2.0 - globals.c "Global variable declarations"
// Copyright (C) 1999 James McCombe (cybertube@earthling.net)
// September 1,2001 - Version 2.0 changes by Mark Ingebretson (ingebret@yahoo.com) and others.
// Oct 13, 2019  Format changed by Dale Reed (reed @ uic.edu)
// Covered by the GNU General Public License https://www.gnu.org/licenses/old-licenses/gpl-2.0.en.html
// Level 000
9 9 9 9 9 9 9 9 9 9
9 9 9 9 9 9 9 9 9 9
9 9 9 2 1 0 0 9 9 9
9 9 9 9 9 0 0 9 9 9
9 9 9 0 0 0 0 9 9 9
9 9 9 1 0 0 2 9 9 9
9 9 9 9 1 2 9 9 9 9
9 9 9 9 9 9 9 9 9 9
// Level 001
9 9 9 9 9 9 9 9 9 9
9 9 9 9 9 9 9 9 9 9
9 9 9 0 0 1 0 0 9 9
9 9 9 0 0 2 0 0 9 9
9 9 9 0 1 3 0 0 9 9
9 9 9 0 2 4 0 0 9 9
9 9 9 2 4 3 0 3 9 9
9 9 9 9 9 9 9 9 9 9
// Level 002
9 9 9 9 9 9 9 9 9 9
9 9 9 9 0 0 9 9 9 9
9 9 9 0 0 0 0 9 9 9
9 9 5 0 7 6 0 5 9 9
9 9 6 0 9 9 0 7 9 9
9 9 9 6 0 0 7 9 9 9
9 9 9 9 0 0 9 9 9 9
9 9 9 9 9 9 9 9 9 9
// Level 003
9 9 9 9 9 9 9 9 9 9
9 9 9 9 9 9 9 9 9 9
9 9 9 9 2 9 9 9 9 9
9 9 9 1 3 0 9 9 9 9
9 9 9 9 1 0 1 0 9 9
9 9 9 9 3 0 3 9 9 9
9 9 9 9 9 9 2 9 9 9
9 9 9 9 9 9 9 9 9 9
// Level 004
9 9 9 9 9 9 9 9 9 9
9 9 9 9 1 0 3 9 9 9
9 9 9 9 4 0 4 9 9 9
9 9 9 9 9 0 5 9 9 9
9 9 9 9 0 0 4 9 9 9
9 9 9 9 0 0 5 9 9 9
9 9 9 9 3 9 1 9 9 9
9 9 9 9 9 9 9 9 9 9
// Level 005
9 9 9 9 9 9 9 9 9 9
9 9 9 0 0 0 0 0 9 9
9 9 9 5 0 0 0 7 9 9
9 9 9 9 6 0 0 9 9 9
9 9 9 6 7 0 2 7 9 9
9 9 9 5 6 0 7 2 9 9
9 9 9 9 5 7 2 7 9 9
9 9 9 9 9 9 9 9 9 9
// Level 006
9 9 9 9 9 9 9 9 9 9
9 9 9 9 9 9 9 9 9 9
9 9 9 0 0 1 3 9 9 9
9 9 9 0 0 3 4 9 9 9
9 9 9 0 0 4 1 9 9 9
9 9 9 0 0 1 3 9 9 9
9 9 9 9 9 9 9 9 9 9
9 9 9 9 9 9 9 9 9 9
// Level 007
9 9 9 9 9 9 9 9 9 9
9 9 9 9 9 9 9 9 9 9
9 9 0 0 0 0 0 4 9 9
9 9 0 0 0 0 0 5 9 9
9 9 2 0 0 1 0 2 9 9
9 9 1 5 0 5 0 9 9 9
9 9 5 2 4 9 2 9 9 9
9 9 9 9 9 9 9 9 9 9
// Level 008
9 9 9 9 9 9 9 9 9 9
9 9 9 9 9 9 9 9 9 9
9 9 9 9 9 0 2 9 9 9
9 9 9 1 0 0 3 2 9 9
9 9 9 9 1 0 2 3 9 9
9 9 9 9 9 0 3 9 9 9
9 9 9 9 9 9 9 9 9 9
9 9 9 9 9 9 9 9 9 9
// Level 009
9 9 9 9 9 9 9 9 9 9
9 9 0 0 0 0 0 0 9 9
9 3 0 0 0 0 3 0 0 9
9 4 5 4 0 0 4 7 0 9
9 5 2 3 0 0 7 3 2 9
9 7 5 4 0 9 2 5 6 9
9 2 7 5 9 9 5 6 4 9
9 9 9 9 9 9 9 9 9 9
// Level 010
9 9 9 9 9 9 9 9 9 9
9 9 0 0 0 0 3 4 9 9
9 9 0 0 5 0 9 9 9 9
9 9 0 0 9 0 0 0 9 9
9 9 4 0 9 0 0 0 9 9
9 9 9 9 0 0 7 3 9 9
9 9 3 0 0 5 3 7 9 9
9 9 9 9 9 9 9 9 9 9
// Level 011
9 9 9 9 9 9 9 9 9 9
9 9 2 1 3 0 3 1 2 9
9 9 9 9 9 0 9 9 9 9
9 9 9 1 0 0 0 1 9 9
9 9 9 9 0 0 0 9 9 9
9 9 9 9 0 0 0 9 9 9
9 9 9 9 2 1 3 9 9 9
9 9 9 9 9 9 9 9 9 9
// Level 012
9 9 9 9 9 9 9 9 9 9
9 1 3 4 3 0 4 3 1 9
9 9 9 9 9 0 9 9 9 9
9 9 9 9 9 0 0 9 9 9
9 9 9 9 9 0 0 9 9 9
9 9 9 9 4 0 0 9 9 9
9 9 9 9 9 0 9 9 9 9
9 9 9 9 9 9 9 9 9 9
// Level 013
9 9 9 9 9 9 9 9 9 9
9 9 9 9 9 9 9 9 9 9
9 9 9 9 5 0 0 9 9 9
9 9 9 9 7 0 0 9 9 9
9 9 9 0 6 0 6 5 9 9
9 9 9 9 7 9 5 9 9 9
9 9 9 9 9 9 9 9 9 9
9 9 9 9 9 9 9 9 9 9
// Level 014
9 9 9 9 9 9 9 9 9 9
9 9 9 9 9 9 9 9 9 9
9 9 9 9 9 1 0 9 9 9
9 9 9 1 0 3 0 1 9 9
9 9 9 9 0 1 0 3 9 9
9 9 9 3 0 9 3 1 9 9
9 9 9 9 3 9 9 9 9 9
9 9 9 9 9 9 9 9 9 9
// Level 015
9 9 9 9 9 9 9 9 9 9
9 9 9 9 9 9 9 9 9 9
9 9 2 1 2 0 3 2 4 9
9 9 9 2 4 0 4 1 9 9
9 9 9 9 3 0 1 9 9 9
9 9 9 9 9 4 9 9 9 9
9 9 9 9 9 9 9 9 9 9
9 9 9 9 9 9 9 9 9 9
// Level 016
9 9 9 9 9 9 9 9 9 9
9 9 9 1 3 4 0 1 9 9
9 9 9 5 9 5 1 4 9 9
9 9 9 7 0 7 5 3 9 9
9 9 9 9 0 9 9 9 9 9
9 9 9 5 7 9 9 9 9 9
9 9 9 7 1 9 9 9 9 9
9 9 9 9 9 9 9 9 9 9
// Level 017
9 9 9 9 9 9 9 9 9 9
9 9 9 9 9 5 0 9 9 9
9 9 9 9 9 7 0 0 9 9
9 9 9 6 0 6 0 9 9 9
9 9 9 7 0 5 0 9 9 9
9 9 9 9 0 7 0 0 9 9
9 9 9 9 9 5 9 9 9 9
9 9 9 9 9 9 9 9 9 9
// Level 018
9 9 9 9 9 9 9 9 9 9
9 9 9 9 2 0 9 9 9 9
9 9 9 9 9 0 2 9 9 9
9 9 1 3 0 0 4 9 9 9
9 9 4 1 0 0 2 3 9 9
9 9 3 4 0 4 3 9 9 9
9 9 9 9 0 9 9 9 9 9
9 9 9 9 9 9 9 9 9 9
// Level 019
9 9 9 9 9 9 9 9 9 9
9 9 9 9 9 0 9 9 9 9
9 9 9 9 9 0 1 9 9 9
9 9 9 9 0 0 3 0 9 9
9 9 9 4 0 0 5 0 9 9
9 9 9 9 1 3 9 5 9 9
9 9 9 9 9 9 9 4 9 9
9 9 9 9 9 9 9 9 9 9
// Level 020
9 9 9 9 9 9 9 9 9 9
9 9 9 9 9 9 9 9 9 9
9 9 9 9 0 2 9 9 9 9
9 9 9 9 9 1 3 9 9 9
9 9 9 3 0 2 1 9 9 9
9 9 9 4 0 3 4 0 9 9
9 9 9 9 9 9 9 9 9 9
9 9 9 9 9 9 9 9 9 9
// Level 021
9 9 9 9 9 9 9 9 9 9
9 9 6 0 0 0 0 9 9 9
9 9 9 9 9 0 0 9 9 9
9 9 8 0 0 0 6 8 9 9
9 9 9 9 0 0 9 9 9 9
9 9 9 9 8 0 0 9 9 9
9 9 9 9 6 0 0 9 9 9
9 9 9 9 9 9 9 9 9 9
// Level 022
9 9 9 9 9 9 9 9 9 9
9 9 9 9 9 9 9 9 9 9
9 9 9 9 9 9 9 9 2 9
9 9 0 0 0 0 1 0 3 9
9 9 4 0 5 0 7 0 1 9
9 9 3 0 2 0 6 0 6 9
9 9 4 0 7 0 5 0 5 9
9 9 9 9 9 9 9 9 9 9
// Level 023
9 9 9 9 9 9 9 9 9 9
9 9 9 9 9 9 9 9 9 9
9 9 9 4 0 4 0 0 9 9
9 9 9 9 0 5 0 5 9 9
9 9 9 5 0 7 0 7 9 9
9 9 9 4 0 9 9 9 9 9
9 9 9 9 9 9 9 9 9 9
9 9 9 9 9 9 9 9 9 9
// Level 024
9 9 9 9 9 9 9 9 9 9
9 9 9 9 9 9 9 9 9 9
9 9 0 2 1 3 4 0 9 9
9 9 0 9 9 9 5 0 9 9
9 9 5 0 9 0 2 0 9 9
9 9 4 0 0 0 9 5 9 9
9 9 3 1 9 5 2 4 9 9
9 9 9 9 9 9 9 9 9 9
// Level 025
9 9 9 9 9 9 9 9 9 9
9 9 9 2 1 0 0 9 9 9
9 9 9 3 2 0 0 9 9 9
9 9 9 1 3 0 4 9 9 9
9 9 9 9 9 0 3 9 9 9
9 9 9 3 1 0 2 9 9 9
9 9 9 4 9 0 1 9 9 9
9 9 9 9 9 9 9 9 9 9
// Level 026
9 9 9 9 9 9 9 9 9 9
9 9 9 9 9 9 9 9 9 9
9 9 9 9 9 0 3 9 9 9
9 9 9 9 0 0 4 3 9 9
9 9 9 4 0 5 7 9 9 9
9 9 9 9 3 7 3 0 9 9
9 9 9 9 9 5 4 9 9 9
9 9 9 9 9 9 9 9 9 9
// Level 027
9 9 9 9 9 9 9 9 9 9
9 9 9 9 9 9 9 9 9 9
9 9 9 9 9 0 4 9 9 9
9 9 9 9 9 5 9 9 9 9
9 9 9 7 0 7 0 0 9 9
9 9 9 4 7 9 6 4 9 9
9 9 4 5 9 9 9 6 9 9
9 9 9 9 9 9 9 9 9 9
// Level 028
9 9 9 9 9 9 9 9 9 9
9 9 9 9 2 0 9 9 9 9
9 9 9 9 9 0 0 1 9 9
9 9 9 1 0 0 0 3 9 9
9 9 9 3 0 0 1 2 9 9
9 9 9 4 0 4 3 9 9 9
9 9 9 3 0 9 9 9 9 9
9 9 9 9 9 9 9 9 9 9
// Level 029
9 9 9 9 9 9 9 9 9 9
9 9 9 9 9 9 9 9 9 9
9 9 1 9 0 0 3 0 9 9
9 9 3 9 0 0 4 0 9 9
9 9 5 0 7 0 5 4 9 9
9 9 9 9 3 0 9 3 9 9
9 9 9 9 9 1 9 7 9 9
9 9 9 9 9 9 9 9 9 9
// Level 030
9 9 9 9 9 9 9 9 9 9
9 9 9 0 2 0 1 0 9 9
9 9 9 0 1 2 3 0 9 9
9 9 9 4 3 1 2 0 9 9
9 9 9 2 5 3 1 5 9 9
9 9 9 9 4 5 2 1 9 9
9 9 9 9 9 4 9 9 9 9
9 9 9 9 9 9 9 9 9 9
// Level 031
9 9 9 9 9 9 9 9 9 9
9 9 9 0 0 0 9 9 9 9
9 2 0 0 1 3 0 0 9 9
9 9 0 0 3 9 0 0 0 9
9 4 0 0 4 0 0 0 2 9
9 9 1 0 9 0 0 9 9 9
9 9 4 9 9 9 3 9 9 9
9 9 9 9 9 9 9 9 9 9
// Level 032
9 9 9 9 9 9 9 9 9 9
9 9 9 9 2 1 9 9 9 9
9 9 9 0 3 4 5 9 9 9
9 9 0 0 7 1 6 5 9 9
9 9 0 0 3 4 8 7 9 9
9 9 9 0 8 6 7 9 9 9
9 9 9 9 5 2 9 9 9 9
9 9 9 9 9 9 9 9 9 9
// Level 033
9 9 9 9 9 9 9 9 9 9
9 9 3 0 0 0 0 4 9 9
9 9 9 9 0 0 9 9 9 9
9 9 9 3 5 3 9 9 9 9
9 9 9 9 4 9 9 9 9 9
9 9 9 9 5 0 9 9 9 9
9 9 9 0 4 9 9 9 9 9
9 9 9 9 9 9 9 9 9 9
// Level 034
9 9 9 9 9 9 9 9 9 9
9 9 9 9 2 1 0 9 9 9
9 9 9 9 9 2 0 9 9 9
9 9 9 9 9 9 0 9 9 9
9 9 9 4 1 3 0 9 9 9
9 9 9 9 9 4 0 9 9 9
9 9 9 2 1 3 2 4 9 9
9 9 9 9 9 9 9 9 9 9
// Level 035
9 9 9 9 9 9 9 9 9 9
9 9 9 1 3 9 9 9 9 9
9 9 9 9 4 9 9 9 9 9
9 9 9 0 5 0 9 9 9 9
9 9 0 0 3 0 0 5 9 9
9 9 3 0 9 0 0 4 9 9
9 9 1 3 1 4 5 9 9 9
9 9 9 9 9 9 9 9 9 9
// Level 036
9 9 9 9 9 9 9 9 9 9
9 9 0 2 0 0 0 0 9 9
9 9 0 1 0 0 3 0 9 9
9 9 1 9 1 0 9 3 9 9
9 9 9 0 4 5 0 9 9 9
9 9 5 0 3 4 5 2 9 9
9 9 9 1 5 3 2 9 9 9
9 9 9 9 9 9 9 9 9 9
// Level 037
9 9 9 9 9 9 9 9 9 9
9 9 9 9 9 0 0 2 1 9
9 9 9 9 9 0 0 1 2 9
9 9 9 0 0 0 2 3 1 9
9 9 4 1 9 9 9 9 9 9
9 9 3 2 9 9 9 9 9 9
9 9 4 3 9 9 9 9 9 9
9 9 9 9 9 9 9 9 9 9
// Level 038
9 9 9 9 9 9 9 9 9 9
9 9 9 2 1 0 0 9 9 9
9 9 9 3 4 0 9 9 9 9
9 9 9 9 5 0 9 9 9 9
9 9 9 9 9 5 9 9 9 9
9 9 9 9 0 1 4 9 9 9
9 9 9 0 0 3 2 9 9 9
9 9 9 9 9 9 9 9 9 9
// Level 039
9 9 9 9 9 9 9 9 9 9
9 9 9 9 9 0 0 2 1 9
9 9 9 9 9 0 0 3 2 9
9 9 9 9 9 0 2 4 1 9
9 9 3 1 0 0 9 9 9 9
9 9 4 2 9 9 9 9 9 9
9 9 1 4 9 9 9 9 9 9
9 9 9 9 9 9 9 9 9 9
// Level 040
9 9 9 9 9 9 9 9 9 9
9 9 9 0 0 2 1 9 9 9
9 9 9 3 0 1 9 9 9 9
9 9 4 1 0 3 0 1 9 9
9 9 1 2 0 4 1 9 9 9
9 9 4 1 0 1 4 9 9 9
9 9 9 9 1 9 9 9 9 9
9 9 9 9 9 9 9 9 9 9
// Level 041
9 9 9 9 9 9 9 9 9 9
9 9 9 0 0 0 9 9 9 9
9 9 9 3 4 0 0 9 9 9
9 9 9 9 5 4 0 0 9 9
9 9 9 9 9 3 0 5 9 9
9 9 9 9 9 9 0 3 9 9
9 9 9 9 9 9 9 9 9 9
9 9 9 9 9 9 9 9 9 9
// Level 042
9 9 9 9 9 9 9 9 9 9
9 9 1 0 0 9 9 9 9 9
9 9 3 0 9 3 9 9 9 9
9 9 9 4 0 4 5 9 9 9
9 9 9 5 0 1 4 5 9 9
9 9 9 9 0 4 1 9 9 9
9 9 9 9 9 1 9 9 9 9
9 9 9 9 9 9 9 9 9 9
// Level 043
9 9 9 9 9 9 9 9 9 9
9 9 2 1 0 0 0 3 9 9
9 9 4 3 4 0 0 4 9 9
9 9 9 2 3 1 0 3 9 9
9 9 9 9 9 9 0 9 9 9
9 9 9 9 9 9 0 9 9 9
9 9 9 9 9 9 9 9 9 9
9 9 9 9 9 9 9 9 9 9
// Level 044
9 9 9 9 9 9 9 9 9 9
9 9 9 2 9 0 0 1 9 9
9 9 9 1 9 0 2 3 9 9
9 9 9 4 0 3 5 2 9 9
9 9 9 9 0 4 2 5 9 9
9 9 9 9 0 2 5 9 9 9
9 9 9 9 0 1 9 9 9 9
9 9 9 9 9 9 9 9 9 9
// Level 045
9 9 9 9 9 9 9 9 9 9
9 9 9 2 0 9 9 9 9 9
9 9 9 1 0 0 0 0 9 9
9 9 9 9 0 0 0 2 9 9
9 9 9 0 0 1 0 1 9 9
9 9 9 0 0 2 9 2 9 9
9 9 9 0 0 1 2 1 9 9
9 9 9 9 9 9 9 9 9 9
// Level 046
9 9 9 9 9 9 9 9 9 9
9 9 9 9 9 9 9 9 9 9
9 9 0 2 1 0 3 1 4 9
9 9 0 3 5 0 5 4 9 9
9 9 0 9 9 0 9 9 9 9
9 9 3 5 2 0 3 9 9 9
9 9 9 9 9 0 2 9 9 9
9 9 9 9 9 9 9 9 9 9
// Level 047
9 9 9 9 9 9 9 9 9 9
9 9 9 0 0 2 0 0 9 9
9 9 9 1 0 3 0 0 9 9
9 9 9 9 0 9 0 0 9 9
9 9 9 0 0 3 0 0 9 9
9 9 9 1 0 1 0 3 9 9
9 9 9 2 0 2 9 9 9 9
9 9 9 9 9 9 9 9 9 9
// Level 048
9 9 9 9 9 9 9 9 9 9
9 9 2 1 0 9 9 9 9 9
9 9 3 2 4 0 0 9 9 9
9 3 9 9 9 9 0 0 9 9
9 5 0 0 0 0 5 0 0 9
9 3 0 4 2 4 2 1 2 9
9 9 4 9 9 9 9 9 9 9
9 9 9 9 9 9 9 9 9 9
// Level 049
9 9 9 9 9 9 9 9 9 9
9 9 9 2 0 1 9 9 9 9
9 0 0 1 0 9 0 0 3 9
9 2 0 4 0 0 3 4 9 9
9 9 9 9 0 0 5 9 9 9
9 9 9 4 0 5 9 9 9 9
9 9 9 5 0 1 9 9 9 9
9 9 9 9 9 9 9 9 9 9
// Level 050
9 9 9 9 9 9 9 9 9 9
9 9 2 0 0 0 0 1 9 9
9 3 4 0 2 1 0 5 3 9
9 7 5 0 9 9 0 3 4 9
9 9 9 0 0 0 0 9 9 9
9 9 9 0 0 0 7 9 9 9
9 9 9 9 7 5 9 9 9 9
9 9 9 9 9 9 9 9 9 9
// Level 051
9 9 9 9 9 9 9 9 9 9
9 9 9 9 0 2 9 9 9 9
9 9 9 9 0 1 9 9 9 9
9 0 0 0 0 2 0 3 4 9
9 5 0 0 0 1 0 4 5 9
9 9 9 9 0 2 9 9 9 9
9 9 9 9 0 3 9 9 9 9
9 9 9 9 9 9 9 9 9 9
// Level 052
9 9 9 9 9 9 9 9 9 9
9 9 9 9 2 1 3 9 9 9
9 9 9 9 4 2 1 9 9 9
9 9 9 0 3 9 4 0 9 9
9 9 0 0 9 9 9 0 1 9
9 9 0 0 4 2 4 0 3 9
9 9 4 3 9 9 9 3 2 9
9 9 9 9 9 9 9 9 9 9
// Level 053
9 9 9 9 9 9 9 9 9 9
9 9 0 0 2 1 3 0 9 9
9 9 0 9 9 9 9 0 1 9
9 9 0 0 0 4 0 0 5 9
9 9 5 0 0 5 0 0 2 9
9 9 3 0 2 3 0 0 7 9
9 9 2 3 5 9 1 7 4 9
9 9 9 9 9 9 9 9 9 9
// Level 054
9 9 9 9 9 9 9 9 9 9
9 9 9 9 9 9 9 9 9 9
9 2 1 0 0 0 0 3 4 9
9 4 5 3 0 0 7 1 5 9
9 5 2 4 0 0 5 4 7 9
9 7 4 2 0 0 9 7 4 9
9 9 9 9 9 9 9 9 9 9
9 9 9 9 9 9 9 9 9 9
// Level 055
9 9 9 9 9 9 9 9 9 9
9 9 0 2 9 1 0 0 9 9
9 9 3 4 9 9 9 0 9 9
9 9 4 5 0 0 9 0 9 9
9 9 3 7 9 0 9 0 9 9
9 9 7 5 2 0 0 1 9 9
9 9 6 2 3 0 3 6 9 9
9 9 9 9 9 9 9 9 9 9
// Level 056
9 9 9 9 9 9 9 9 9 9
9 9 9 9 9 9 9 9 9 9
9 0 0 0 0 0 2 0 0 9
9 1 0 0 3 0 4 0 0 9
9 5 0 0 4 3 1 2 0 9
9 7 0 0 3 4 2 6 0 9
9 5 0 0 7 8 6 2 8 9
9 9 9 9 9 9 9 9 9 9
// Level 057
9 9 9 9 9 9 9 9 9 9
9 9 9 2 0 9 9 0 0 9
9 9 9 9 0 0 7 0 1 9
9 9 9 0 7 0 1 0 9 9
9 9 0 0 5 1 2 0 9 9
9 9 9 0 2 9 7 0 9 9
9 9 9 5 7 9 1 2 1 9
9 9 9 9 9 9 9 9 9 9
// Level 058
9 9 9 9 9 9 9 9 9 9
9 0 9 9 9 9 1 0 1 9
9 0 9 2 0 0 3 0 4 9
9 0 9 9 0 0 5 0 5 9
9 2 0 5 4 0 3 0 3 9
9 9 9 9 5 0 9 0 7 9
9 9 9 9 3 0 9 0 9 9
9 9 9 9 9 9 9 9 9 9
// Level 059
9 9 9 9 9 9 9 9 9 9
9 0 0 0 0 0 0 0 0 9
9 0 8 6 0 0 0 5 0 9
9 0 5 1 2 0 0 6 8 9
9 0 9 9 9 0 0 9 9 9
9 0 9 3 0 0 0 0 9 9
9 0 0 2 0 1 0 3 0 9
9 9 9 9 9 9 9 9 9 9
// Level 060
9 9 9 9 9 9 9 9 9 9
9 0 0 9 9 0 9 9 0 9
9 0 0 4 0 0 0 0 3 9
9 0 0 9 0 0 0 0 9 9
9 0 4 9 0 0 0 0 0 9
9 8 1 0 0 0 3 0 6 9
9 2 6 0 2 0 9 8 1 9
9 9 9 9 9 9 9 9 9 9
// Level 061
9 9 9 9 9 9 9 9 9 9
9 0 0 1 0 9 0 0 9 9
9 0 0 6 0 0 0 0 0 9
9 7 0 9 0 0 3 0 0 9
9 5 2 0 0 8 4 0 4 9
9 3 1 5 0 5 2 4 8 9
9 5 6 1 6 4 7 9 6 9
9 9 9 9 9 9 9 9 9 9
// Level 062
9 9 9 9 9 9 9 9 9 9
9 8 0 9 9 1 4 9 0 9
9 9 0 0 9 9 6 4 0 9
9 3 0 0 0 0 9 9 0 9
9 9 0 0 0 0 0 0 0 9
9 0 3 0 1 2 0 0 2 9
9 9 1 0 8 6 0 0 9 9
9 9 9 9 9 9 9 9 9 9
// Level 063
9 9 9 9 9 9 9 9 9 9
9 9 0 9 0 0 0 0 0 9
9 0 0 9 9 0 5 0 0 9
9 0 5 0 0 9 9 0 0 9
9 0 1 0 0 0 0 3 6 9
9 0 9 2 8 6 0 8 9 9
9 0 1 9 9 8 9 3 2 9
9 9 9 9 9 9 9 9 9 9
// Level 064
9 9 9 9 9 9 9 9 9 9
9 8 9 9 0 9 9 4 0 9
9 5 0 0 0 9 0 7 0 9
9 9 0 0 0 0 0 9 5 9
9 0 0 1 0 0 6 7 2 9
9 0 0 9 0 0 4 6 1 9
9 9 0 8 0 6 9 2 6 9
9 9 9 9 9 9 9 9 9 9
// Level 065
9 9 9 9 9 9 9 9 9 9
9 0 0 0 0 0 0 0 0 9
9 0 8 0 0 0 2 0 1 9
9 0 1 0 9 6 1 0 9 9
9 0 9 0 0 3 8 0 9 9
9 1 0 0 0 9 9 5 0 9
9 5 6 0 0 7 2 3 7 9
9 9 9 9 9 9 9 9 9 9
// Level 066
9 9 9 9 9 9 9 9 9 9
9 9 0 9 0 7 0 0 0 9
9 0 4 0 1 9 0 5 0 9
9 0 3 0 9 9 0 6 0 9
9 0 1 0 9 0 0 9 0 9
9 0 4 0 5 0 0 0 0 9
9 9 9 6 3 7 0 0 0 9
9 9 9 9 9 9 9 9 9 9
// Level 067
9 9 9 9 9 9 9 9 9 9
9 0 0 0 0 4 0 0 0 9
9 8 0 0 0 9 0 0 0 9
9 2 0 0 7 0 9 0 0 9
9 9 0 0 9 0 9 0 0 9
9 0 0 9 0 0 2 5 0 9
9 9 7 8 5 0 9 9 4 9
9 9 9 9 9 9 9 9 9 9
// Level 068
9 9 9 9 9 9 9 9 9 9
9 0 0 0 0 0 4 0 0 9
9 9 0 0 0 0 9 0 0 9
9 4 0 0 0 0 0 0 9 9
9 9 0 0 0 0 0 0 0 9
9 8 0 0 6 0 0 0 0 9
9 6 0 0 4 0 4 8 0 9
9 9 9 9 9 9 9 9 9 9
// Level 069
9 9 9 9 9 9 9 9 9 9
9 0 0 0 7 8 0 0 0 9
9 7 0 0 8 7 0 0 7 9
9 6 5 0 9 9 0 5 6 9
9 2 1 0 9 9 0 2 1 9
9 3 4 0 0 0 0 4 3 9
9 7 8 9 7 5 9 8 7 9
9 9 9 9 9 9 9 9 9 9
// Level 070
9 9 9 9 9 9 9 9 9 9
9 0 0 9 9 0 0 0 9 9
9 0 3 0 9 0 0 0 2 9
9 0 9 0 0 0 0 0 9 9
9 0 0 9 0 9 8 0 9 9
9 0 0 0 8 0 4 9 0 9
9 0 0 3 9 0 2 4 0 9
9 9 9 9 9 9 9 9 9 9
// Level 071
9 9 9 9 9 9 9 9 9 9
9 4 3 9 0 0 0 0 0 9
9 1 7 4 5 0 0 8 0 9
9 9 5 9 9 0 6 9 0 9
9 9 7 0 0 0 9 9 0 9
9 0 9 0 0 0 9 9 0 9
9 0 3 1 6 0 8 1 0 9
9 9 9 9 9 9 9 9 9 9
// Level 072
9 9 9 9 9 9 9 9 9 9
9 0 0 0 9 3 4 0 5 9
9 6 0 0 0 9 7 0 9 9
9 9 0 0 0 7 9 0 0 9
9 0 0 0 0 9 0 0 0 9
9 0 0 3 0 0 0 0 0 9
9 0 6 4 0 5 0 0 0 9
9 9 9 9 9 9 9 9 9 9
// Level 073
9 9 9 9 9 9 9 9 9 9
9 0 4 0 4 0 0 9 0 9
9 8 9 0 6 9 0 0 0 9
9 1 0 0 9 0 0 0 0 9
9 9 0 0 0 7 0 0 0 9
9 5 8 0 0 1 0 0 0 9
9 9 1 7 1 9 6 0 5 9
9 9 9 9 9 9 9 9 9 9
// Level 074
9 9 9 9 9 9 9 9 9 9
9 7 6 0 0 0 0 0 0 9
9 9 9 2 0 0 0 9 9 9
9 0 9 9 0 0 0 1 0 9
9 0 9 0 0 0 7 9 0 9
9 0 0 0 0 1 2 0 4 9
9 0 0 0 4 2 6 0 9 9
9 9 9 9 9 9 9 9 9 9
// Level 075
9 9 9 9 9 9 9 9 9 9
9 0 7 0 0 9 9 0 6 9
9 0 9 0 0 0 4 0 5 9
9 0 9 0 0 0 9 0 9 9
9 0 0 0 0 0 0 8 1 9
9 0 0 0 0 0 6 7 9 9
9 5 0 3 8 6 4 1 3 9
9 9 9 9 9 9 9 9 9 9
// Level 076
9 9 9 9 9 9 9 9 9 9
9 9 9 0 6 9 0 8 9 9
9 9 0 8 7 0 0 9 0 9
9 0 0 9 9 9 0 0 9 9
9 0 0 9 9 0 0 0 9 9
9 0 0 2 0 0 0 0 9 9
9 2 0 9 9 6 0 7 0 9
9 9 9 9 9 9 9 9 9 9
// Level 077
9 9 9 9 9 9 9 9 9 9
9 9 0 2 8 6 9 9 0 9
9 2 3 9 1 9 0 0 0 9
9 3 7 0 5 0 0 0 0 9
9 9 9 0 9 0 3 0 0 9
9 3 1 0 3 7 5 0 4 9
9 9 2 8 2 6 3 4 2 9
9 9 9 9 9 9 9 9 9 9
// Level 078
9 9 9 9 9 9 9 9 9 9
9 2 0 0 1 0 8 9 0 9
9 9 0 5 9 3 2 0 0 9
9 0 0 9 0 8 9 0 0 9
9 0 0 0 0 9 0 0 3 9
9 1 0 4 0 0 2 5 6 9
9 6 0 8 0 0 8 1 4 9
9 9 9 9 9 9 9 9 9 9
// Level 079
9 9 9 9 9 9 9 9 9 9
9 0 0 7 6 0 6 0 4 9
9 7 0 9 5 0 9 0 6 9
9 1 5 4 6 0 0 0 7 9
9 7 2 8 2 0 6 1 9 9
9 1 8 6 9 0 4 5 3 9
9 5 6 5 2 0 3 4 2 9
9 9 9 9 9 9 9 9 9 9
// Level 080
9 9 9 9 9 9 9 9 9 9
9 0 0 2 9 0 0 5 4 9
9 0 6 9 0 0 0 8 9 9
9 0 9 0 0 0 0 9 0 9
9 2 6 0 0 0 7 1 3 9
9 3 8 0 8 6 3 7 5 9
9 4 9 6 9 3 1 9 9 9
9 9 9 9 9 9 9 9 9 9
// Level 081
9 9 9 9 9 9 9 9 9 9
9 8 0 9 8 0 3 0 1 9
9 7 0 9 1 0 9 0 2 9
9 9 0 0 8 0 0 0 4 9
9 0 0 0 9 5 0 0 9 9
9 5 3 0 8 7 2 4 9 9
9 1 2 0 5 8 1 2 7 9
9 9 9 9 9 9 9 9 9 9
// Level 082
9 9 9 9 9 9 9 9 9 9
9 9 0 5 2 9 0 0 4 9
9 0 0 6 1 0 0 0 6 9
9 0 1 9 9 0 0 0 1 9
9 0 5 9 0 0 8 6 5 9
9 0 6 0 0 0 5 2 9 9
9 1 8 9 1 6 1 4 0 9
9 9 9 9 9 9 9 9 9 9
// Level 083
9 9 9 9 9 9 9 9 9 9
9 9 0 3 1 6 9 9 5 9
9 0 0 9 9 9 9 0 6 9
9 3 2 0 0 0 0 0 3 9
9 9 9 6 0 7 0 0 8 9
9 8 0 1 0 1 0 0 9 9
9 9 2 4 7 5 6 4 8 9
9 9 9 9 9 9 9 9 9 9
// Level 084
9 9 9 9 9 9 9 9 9 9
9 1 0 0 7 9 0 0 0 9
9 9 0 7 5 0 0 1 0 9
9 0 0 8 9 0 4 9 0 9
9 9 0 5 0 0 9 9 2 9
9 0 0 9 0 9 0 5 4 9
9 8 4 0 7 2 6 4 6 9
9 9 9 9 9 9 9 9 9 9
// Level 085
9 9 9 9 9 9 9 9 9 9
9 0 0 2 0 0 0 0 9 9
9 0 0 9 0 0 0 0 0 9
9 1 0 9 0 0 0 0 0 9
9 9 5 0 0 2 0 0 0 9
9 0 7 8 0 9 0 0 7 9
9 1 9 3 0 8 3 0 5 9
9 9 9 9 9 9 9 9 9 9
// Level 086
9 9 9 9 9 9 9 9 9 9
9 5 0 0 0 6 0 6 2 9
9 4 8 0 0 9 0 3 7 9
9 1 7 0 0 3 0 5 4 9
9 9 5 0 7 1 3 6 9 9
9 9 6 4 3 7 6 7 6 9
9 8 4 5 9 6 2 4 7 9
9 9 9 9 9 9 9 9 9 9
// Level 087
9 9 9 9 9 9 9 9 9 9
9 0 5 0 9 9 9 0 0 9
9 0 9 0 0 0 0 2 0 9
9 0 9 0 0 0 0 9 5 9
9 0 6 0 0 0 0 3 6 9
9 1 7 0 0 3 0 7 9 9
9 9 9 2 0 7 5 1 0 9
9 9 9 9 9 9 9 9 9 9
// Level 088
9 9 9 9 9 9 9 9 9 9
9 0 0 2 4 5 0 3 9 9
9 0 0 3 9 3 8 9 9 9
9 8 4 9 9 2 1 9 0 9
9 1 3 2 0 9 2 0 0 9
9 5 9 6 0 7 8 0 6 9
9 1 8 5 3 2 1 7 2 9
9 9 9 9 9 9 9 9 9 9
// Level 089
9 9 9 9 9 9 9 9 9 9
9 0 0 0 3 0 6 9 0 9
9 0 0 0 9 0 9 0 6 9
9 0 0 0 0 0 0 0 1 9
9 8 0 0 0 3 0 0 9 9
9 7 0 0 0 4 0 7 0 9
9 9 0 4 8 9 0 1 0 9
9 9 9 9 9 9 9 9 9 9
// Level 090
9 9 9 9 9 9 9 9 9 9
9 0 0 9 0 3 0 5 0 9
9 0 0 0 0 4 0 3 0 9
9 0 8 0 9 1 3 9 9 9
9 0 4 0 0 2 9 0 5 9
9 0 3 6 0 9 9 0 1 9
9 4 2 8 6 3 5 0 9 9
9 9 9 9 9 9 9 9 9 9
// Level 091
9 9 9 9 9 9 9 9 9 9
9 6 0 0 9 8 0 0 0 9
9 3 0 0 0 9 0 0 0 9
9 9 0 0 0 0 0 0 5 9
9 9 0 2 7 0 0 0 1 9
9 0 5 6 4 0 0 0 9 9
9 8 3 9 7 0 1 2 4 9
9 9 9 9 9 9 9 9 9 9
// Level 092
9 9 9 9 9 9 9 9 9 9
9 0 3 4 0 6 9 8 3 9
9 0 9 3 0 9 0 3 8 9
9 0 0 8 0 4 0 7 3 9
9 2 0 3 0 6 0 3 8 9
9 4 1 2 7 1 0 5 1 9
9 6 9 5 1 3 8 6 4 9
9 9 9 9 9 9 9 9 9 9
// Level 093
9 9 9 9 9 9 9 9 9 9
9 0 0 0 6 9 3 0 0 9
9 0 0 0 3 0 9 7 0 9
9 0 0 0 8 0 0 4 0 9
9 0 0 0 9 0 0 9 0 9
9 0 0 0 0 7 2 8 0 9
9 0 0 6 8 4 9 2 8 9
9 9 9 9 9 9 9 9 9 9
// Level 094
9 9 9 9 9 9 9 9 9 9
9 0 1 0 0 7 0 0 0 9
9 0 5 0 5 9 0 0 0 9
9 0 8 0 9 9 0 0 2 9
9 3 9 5 1 0 0 0 6 9
9 2 3 6 3 4 0 3 7 9
9 3 7 8 4 2 0 8 3 9
9 9 9 9 9 9 9 9 9 9
// Level 095
9 9 9 9 9 9 9 9 9 9
9 9 9 0 0 9 0 0 0 9
9 0 0 0 0 0 0 0 0 9
9 0 0 0 0 0 0 5 9 9
9 0 0 9 1 0 0 9 0 9
9 0 0 0 6 0 0 0 0 9
9 4 5 6 4 8 1 8 9 9
9 9 9 9 9 9 9 9 9 9
// Level 096
9 9 9 9 9 9 9 9 9 9
9 0 0 7 0 9 0 9 9 9
9 0 0 4 0 0 0 0 9 9
9 0 0 9 0 0 0 0 9 9
9 0 0 0 0 0 5 9 0 9
9 0 3 8 4 0 9 8 0 9
9 8 7 5 2 8 2 3 0 9
9 9 9 9 9 9 9 9 9 9
// Level 097
9 9 9 9 9 9 9 9 9 9
9 3 0 2 0 3 0 3 0 9
9 9 0 9 0 9 7 9 0 9
9 9 2 0 0 0 2 0 0 9
9 7 8 0 0 0 1 3 0 9
9 2 4 0 4 1 9 4 5 9
9 9 2 4 5 8 3 2 3 9
9 9 9 9 9 9 9 9 9 9
// Level 098
9 9 9 9 9 9 9 9 9 9
9 8 0 2 0 9 0 3 0 9
9 1 0 9 6 7 0 9 0 9
9 2 0 0 7 3 0 9 0 9
9 4 0 1 4 9 4 0 0 9
9 7 5 8 6 2 5 0 0 9
9 3 1 4 2 1 3 0 3 9
9 9 9 9 9 9 9 9 9 9
// Level 099
9 9 9 9 9 9 9 9 9 9
9 0 0 0 1 0 1 0 0 9
9 0 1 0 9 0 9 0 0 9
9 0 9 0 0 0 0 0 0 9
9 0 0 0 4 0 0 0 0 9
9 0 0 7 3 0 0 0 0 9
9 0 0 6 7 3 6 0 4 9
9 9 9 9 9 9 9 9 9 9
// Level 100
9 9 9 9 9 9 9 9 9 9
9 0 0 0 0 0 1 0 2 9
9 3 0 0 7 0 9 0 4 9
9 7 0 0 9 0 5 1 9 9
9 9 0 0 8 0 6 9 0 9
9 8 4 0 9 0 9 0 0 9
9 5 3 0 0 0 0 6 2 9
9 9 9 9 9 9 9 9 9 9
// Level 101
9 9 9 9 9 9 9 9 9 9
9 0 0 2 0 0 0 0 0 9
9 0 0 9 0 0 3 0 9 9
9 4 0 0 0 0 8 0 0 9
9 9 0 8 0 4 9 0 0 9
9 0 0 1 0 9 0 0 0 9
9 0 1 2 5 3 0 0 5 9
9 9 9 9 9 9 9 9 9 9
// Level 102
9 9 9 9 9 9 9 9 9 9
9 0 9 0 0 0 9 3 0 9
9 0 0 4 0 0 0 9 0 9
9 0 0 1 8 0 0 0 0 9
9 9 0 9 6 0 0 0 0 9
9 3 4 0 1 0 0 0 2 9
9 9 9 7 8 7 6 2 9 9
9 9 9 9 9 9 9 9 9 9
// Level 103
9 9 9 9 9 9 9 9 9 9
9 0 0 7 9 0 0 9 9 9
9 0 0 9 0 0 0 0 3 9
9 0 0 0 0 0 0 9 7 9
9 0 0 0 0 0 8 1 6 9
9 0 0 2 0 0 9 9 9 9
9 0 1 3 0 6 8 7 2 9
9 9 9 9 9 9 9 9 9 9
// Level 104
9 9 9 9 9 9 9 9 9 9
9 3 0 9 0 0 9 0 0 9
9 9 0 9 0 0 0 0 0 9
9 0 0 0 0 0 0 0 0 9
9 0 4 2 7 3 0 0 0 9
9 0 3 4 6 7 8 0 8 9
9 7 6 2 7 1 3 0 1 9
9 9 9 9 9 9 9 9 9 9
// Level 105
9 9 9 9 9 9 9 9 9 9
9 9 0 0 6 0 9 0 0 9
9 3 0 0 2 0 0 5 0 9
9 7 0 0 9 0 0 1 0 9
9 4 6 0 0 4 0 3 2 9
9 9 4 0 0 3 0 9 9 9
9 1 3 0 7 5 0 3 4 9
9 9 9 9 9 9 9 9 9 9
// Level 106
9 9 9 9 9 9 9 9 9 9
9 0 0 9 0 9 0 1 9 9
9 0 0 0 0 6 0 4 6 9
9 0 0 0 0 2 0 7 4 9
9 0 8 0 2 1 8 2 9 9
9 8 9 4 1 7 3 7 3 9
9 2 8 3 5 3 5 6 4 9
9 9 9 9 9 9 9 9 9 9
// Level 107
9 9 9 9 9 9 9 9 9 9
9 0 0 0 0 0 0 0 9 9
9 0 4 0 0 0 0 8 2 9
9 0 9 0 0 0 0 9 9 9
9 9 0 0 0 0 0 0 0 9
9 0 0 0 1 0 5 1 8 9
9 0 3 0 3 0 4 2 5 9
9 9 9 9 9 9 9 9 9 9
// Level 108
9 9 9 9 9 9 9 9 9 9
9 5 0 0 6 0 9 0 0 9
9 1 3 6 5 0 8 0 2 9
9 4 7 4 7 0 7 0 4 9
9 8 1 6 3 0 8 0 1 9
9 4 9 2 1 0 1 0 8 9
9 9 3 7 6 0 9 8 1 9
9 9 9 9 9 9 9 9 9 9
// Level 109
9 9 9 9 9 9 9 9 9 9
9 0 7 0 0 9 0 0 9 9
9 0 9 0 0 1 0 0 0 9
9 0 9 0 0 9 0 0 8 9
9 0 0 0 4 0 9 0 1 9
9 0 6 8 3 5 0 0 5 9
9 1 4 6 4 3 7 1 9 9
9 9 9 9 9 9 9 9 9 9
// Level 110
9 9 9 9 9 9 9 9 9 9
9 0 8 0 3 0 9 9 0 9
9 0 6 0 4 0 0 3 0 9
9 0 8 5 9 0 0 7 0 9
9 1 9 4 1 0 0 6 0 9
9 2 0 2 6 2 0 8 0 9
9 3 0 6 2 7 4 5 6 9
9 9 9 9 9 9 9 9 9 9
// Level 111
9 9 9 9 9 9 9 9 9 9
9 0 0 9 0 0 0 0 5 9
9 7 2 0 0 0 0 0 9 9
9 5 6 0 0 4 0 0 0 9
9 9 9 0 9 5 0 0 6 9
9 0 0 0 0 9 0 3 4 9
9 2 9 0 0 5 3 4 7 9
9 9 9 9 9 9 9 9 9 9
// Level 112
9 9 9 9 9 9 9 9 9 9
9 9 0 0 0 0 0 0 0 9
9 0 1 0 9 0 0 0 0 9
9 0 6 0 0 7 0 0 0 9
9 0 9 0 0 9 0 0 0 9
9 6 0 0 0 2 0 0 0 9
9 1 7 0 0 5 0 5 2 9
9 9 9 9 9 9 9 9 9 9
// Level 113
9 9 9 9 9 9 9 9 9 9
9 0 0 9 9 0 0 2 9 9
9 0 0 0 6 3 0 8 0 9
9 0 0 7 9 9 0 4 9 9
9 9 0 8 7 5 0 9 0 9
9 7 6 2 8 4 0 3 0 9
9 4 7 9 5 6 0 4 0 9
9 9 9 9 9 9 9 9 9 9
// Level 114
9 9 9 9 9 9 9 9 9 9
9 0 0 5 0 2 1 0 8 9
9 8 0 4 0 9 9 0 9 9
9 2 0 2 0 0 9 0 2 9
9 8 5 1 9 0 0 0 9 9
9 2 6 9 4 8 0 0 4 9
9 3 8 6 8 2 3 4 8 9
9 9 9 9 9 9 9 9 9 9
// Level 115
9 9 9 9 9 9 9 9 9 9
9 6 0 0 0 0 7 0 9 9
9 7 0 0 0 0 1 0 0 9
9 9 0 9 3 8 9 0 0 9
9 0 0 6 1 9 0 2 3 9
9 6 8 4 2 4 0 5 4 9
9 9 5 7 1 6 0 1 6 9
9 9 9 9 9 9 9 9 9 9
// Level 116
9 9 9 9 9 9 9 9 9 9
9 9 0 0 0 0 9 0 8 9
9 0 0 0 0 0 6 0 4 9
9 0 0 0 0 0 2 0 9 9
9 3 0 0 0 0 9 0 0 9
9 8 0 8 0 3 5 4 6 9
9 9 6 7 0 2 7 5 9 9
9 9 9 9 9 9 9 9 9 9
// Level 117
9 9 9 9 9 9 9 9 9 9
9 0 9 0 0 2 8 0 0 9
9 0 0 0 2 9 9 0 0 9
9 9 0 0 9 7 0 0 0 9
9 0 0 0 0 1 3 0 0 9
9 1 0 0 0 9 9 0 0 9
9 7 3 8 0 9 8 0 8 9
9 9 9 9 9 9 9 9 9 9 